 -15  61  70 -77  64 -87  18 -63  18  64  85 -64 -33  49  71
  29  34  80  78  51 -63  24 -85  -6  61  98 -37 -74  75  94
 -21  13  26 -37  -8 -52 -33 -82  51 -36  22  51  88  20  83
  -5  26   8  80  44 -31  18 -35  -1   2  48  79  63   5 -47
 -66 -39 -76 -76   0 -42 -25  99  64   1 -58 -31  23  19  78
 -96 -96 -42  47  83  74 -59 -73 -12  47 -47 -39  64  52  13
  12 -17  37 -86  90  44  94  20 -39 -93  65  13   6 -23 -17
  90 -68 -62 -14  55 -75 -75 -81 -69 -68 -28  -9  71  94  35
 -17  44  98 -36  19 -28  20 -97 -39  94 -33 -59 -17 -44  68
 -25  93 -66  91 -58 -13  98 -95  -6 -50  59  35 -31  70  18
